labels = {{1, 0, 0}, {3, 0, 0}, {3, 0, 1}, {3, 1, 0}, {5, 0, 0}, {5, 0, 1}, {5, 0, 2}, {5, 1, 0}, {5, 1, 1}, {5, 2, 0}, {7, 0, 0}, {7, 0, 1}, {7, 0, 2}, {7, 0, 3}, {7, 1, 0}, {7, 1, 1}, {7, 1, 2}, {7, 2, 0}, {7, 2, 1}, {7, 3, 0}, {9, 0, 0}, {9, 0, 1}, {9, 0, 2}, {9, 0, 3}, {9, 0, 4}, {9, 1, 0}, {9, 1, 1}, {9, 1, 2}, {9, 1, 3}, {9, 2, 0}, {9, 2, 1}, {9, 2, 2}, {9, 3, 0}, {9, 3, 1}, {9, 4, 0}}
rel = {0, 152179007/790313895, -7754/358419, 0, -89103979/80644275, 42458/358419, 0, 0, 0, 0, 436832/339045, -16440/119473, 0, 0, 0, 0, 0, 0, 0, 0, -4096/11025, 128/3229, 0, 0, 0, 0, 0, 0, 0, 0, 0, 0, 0, 0, 1}
rel = {0, 109124/24975, -28/111, 0, -50356/4995, 124/111, 0, 0, 0, 0, 896/225, -16/37, 0, 0, 0, 0, 0, 0, 0, 0, 0, 0, 0, 0, 0, 0, 0, 0, 0, 0, 0, 0, 0, 1, 0}
rel = {0, 157996597/225803970, -131467/2867352, 0, -247532242/80644275, 113222/358419, 0, 0, 0, 0, 58720/9687, -75750/119473, 0, 0, 0, 0, 0, 0, 0, 0, -2048/525, 1344/3229, 0, 0, 0, 0, 0, 0, 0, 0, 0, 0, 1, 0, 0}
rel = {0, 70/9, 0, 0, -70/9, 0, 0, 0, 0, 0, 0, 0, 0, 0, 0, 0, 0, 0, 0, 0, 0, 0, 0, 0, 0, 0, 0, 0, 0, 0, 0, 1, 0, 0, 0}
rel = {0, 82187/9990, -203/888, 0, -22694/999, 154/111, 0, 0, 0, 0, 784/45, -70/37, 0, 0, 0, 0, 0, 0, 0, 0, 0, 0, 0, 0, 0, 0, 0, 0, 0, 0, 1, 0, 0, 0, 0}
rel = {0, 1658363837/1806431760, -779359/28673520, 0, -530616653/161288550, 1480549/7168380, 0, 0, 0, 0, 342581/48435, -83265/119473, 0, 0, 0, 0, 0, 0, 0, 0, -6016/525, 3948/3229, 0, 0, 0, 0, 0, 0, 0, 1, 0, 0, 0, 0, 0}
rel = {0, 44/37, 28/111, 0, 20/37, -124/111, 0, 0, 0, 0, 0, 16/37, 0, 0, 0, 0, 0, 0, 0, 0, 0, 0, 0, 0, 0, 0, 0, 0, 1, 0, 0, 0, 0, 0, 0}
rel = {0, 2947/666, 203/888, 0, -2450/333, -154/111, 0, 0, 0, 0, 0, 70/37, 0, 0, 0, 0, 0, 0, 0, 0, 0, 0, 0, 0, 0, 0, 0, 1, 0, 0, 0, 0, 0, 0, 0}
rel = {0, 19621/5400, 0, 0, -1603/135, 0, 0, 0, 0, 0, 3626/225, 0, 0, 0, 0, 0, 0, 0, 0, 0, 0, 0, 0, 0, 0, 0, 1, 0, 0, 0, 0, 0, 0, 0, 0}
rel = {0, 808/2205, 0, 0, -32/25, 0, 0, 0, 0, 0, 16/7, 0, 0, 0, 0, 0, 0, 0, 0, 0, -103328/11025, 1, 0, 0, 0, 1, 0, 0, 0, 0, 0, 0, 0, 0, 0}
rel = {0, -55253/358419, 7754/358419, 0, 78485/358419, -42458/358419, 0, 0, 0, 0, -224/3229, 16440/119473, 0, 0, 0, 0, 0, 0, 0, 0, 0, -128/3229, 0, 0, 1, 0, 0, 0, 0, 0, 0, 0, 0, 0, 0}
rel = {0, -83245/238946, 131467/2867352, 0, 153610/119473, -113222/358419, 0, 0, 0, 0, -2352/3229, 75750/119473, 0, 0, 0, 0, 0, 0, 0, 0, 0, -1344/3229, 0, 1, 0, 0, 0, 0, 0, 0, 0, 0, 0, 0, 0}
rel = {0, -1946119/9557840, 779359/28673520, 0, 292985/238946, -1480549/7168380, 0, 0, 0, 0, -6909/3229, 83265/119473, 0, 0, 0, 0, 0, 0, 0, 0, 0, -3948/3229, 1, 0, 0, 0, 0, 0, 0, 0, 0, 0, 0, 0, 0}
rel = {0, -10369/19425, 9/148, 0, 32608/11655, -79/259, 0, 0, 0, 0, -512/225, 64/259, 0, 0, 0, 0, 0, 0, 0, 1, 0, 0, 0, 0, 0, 0, 0, 0, 0, 0, 0, 0, 0, 0, 0}
rel = {0, -53/9, 1/4, 0, 80/9, -1, 0, 0, 0, 0, 0, 0, 0, 0, 0, 0, 0, 0, 1, 0, 0, 0, 0, 0, 0, 0, 0, 0, 0, 0, 0, 0, 0, 0, 0}
rel = {0, -6211/6660, 7/148, 0, 1486/333, -17/37, 0, 0, 0, 0, -448/45, 40/37, 0, 0, 0, 0, 0, 1, 0, 0, 0, 0, 0, 0, 0, 0, 0, 0, 0, 0, 0, 0, 0, 0, 0}
rel = {0, -3, -1/4, 0, 0, 1, 0, 0, 0, 0, 0, 0, 0, 0, 0, 0, 1, 0, 0, 0, 0, 0, 0, 0, 0, 0, 0, 0, 0, 0, 0, 0, 0, 0, 0}
rel = {0, -65/18, 0, 0, 100/9, 0, 0, 0, 0, 0, 0, 0, 0, 0, 0, 1, 0, 0, 0, 0, 0, 0, 0, 0, 0, 0, 0, 0, 0, 0, 0, 0, 0, 0, 0}
rel = {0, -88/225, 0, 0, 8/5, 0, 0, 0, 0, 0, -2072/225, 1, 0, 0, 1, 0, 0, 0, 0, 0, 0, 0, 0, 0, 0, 0, 0, 0, 0, 0, 0, 0, 0, 0, 0}
rel = {0, 83/259, -9/148, 0, -80/259, 79/259, 0, 0, 0, 0, 0, -64/259, 0, 1, 0, 0, 0, 0, 0, 0, 0, 0, 0, 0, 0, 0, 0, 0, 0, 0, 0, 0, 0, 0, 0}
rel = {0, 41/148, -7/148, 0, -50/37, 17/37, 0, 0, 0, 0, 0, -40/37, 1, 0, 0, 0, 0, 0, 0, 0, 0, 0, 0, 0, 0, 0, 0, 0, 0, 0, 0, 0, 0, 0, 0}
rel = {0, 77/45, -1/5, 0, -64/9, 4/5, 0, 0, 0, 1, 0, 0, 0, 0, 0, 0, 0, 0, 0, 0, 0, 0, 0, 0, 0, 0, 0, 0, 0, 0, 0, 0, 0, 0, 0}
rel = {0, 6, 0, 0, 0, 0, 0, 0, 1, 0, 0, 0, 0, 0, 0, 0, 0, 0, 0, 0, 0, 0, 0, 0, 0, 0, 0, 0, 0, 0, 0, 0, 0, 0, 0}
rel = {0, 8/9, 0, 0, -80/9, 1, 0, 1, 0, 0, 0, 0, 0, 0, 0, 0, 0, 0, 0, 0, 0, 0, 0, 0, 0, 0, 0, 0, 0, 0, 0, 0, 0, 0, 0}
rel = {0, -3/5, 1/5, 0, 0, -4/5, 1, 0, 0, 0, 0, 0, 0, 0, 0, 0, 0, 0, 0, 0, 0, 0, 0, 0, 0, 0, 0, 0, 0, 0, 0, 0, 0, 0, 0}
rel = {0, -8, 1, 1, 0, 0, 0, 0, 0, 0, 0, 0, 0, 0, 0, 0, 0, 0, 0, 0, 0, 0, 0, 0, 0, 0, 0, 0, 0, 0, 0, 0, 0, 0, 0}
